CSDNAME,COL7,COL8,COL9,COL10,           COL11,  COL12,COL13,    COL14,   COL22,  COL23,  COL24,  COL29,    COL34,  COL35,COL36,COL37,COL38,COL39,COL40,COL41,COL42,COL43,COL44,COL45,COL46,COL47,COL48,COL49,COL50,COL51,COL52,COL53,COL54,COL55,COL56,COL57
West Vancouver,42470,5875,24785,11810,  41680,  460,5840,       25070,   140,    495,    665,    15855,    350,    260,95,10,19455,445,3325,15685,620,2810,940,11310,6630,800,775,2725,390,16935,12675,4260,0,4260,1907,1589
Maple Ridge,82255,14430,55905,11920,    80975,  4320,22040,     62330,   690,    1440,   1415,   10760,    635,  240,80,325,45090,4175,13845,27075,5880,11400,1535,8255,5420,970,260,1430,175,30255,24160,6095,0,6090,1088,962
Surrey,517885,92545,352350,72990,       511540,  15645,71305,   200365,  3655,   8650,   10310,  277700,   9155,  995,415,7810,280900,35180,82810,162915,20550,54145,12305,75915,50675,5345,2150,16210,1540,169965,120945,49020,0,48995,1049,908
Burnaby,232755,31080,164810,36860,      230080,  4850,21535,    85375,   1505,   5625,   4515,    138385,  1570,  380,155,1040,132945,9235,29940,93775,7625,25515,6000,54635,37230,3540,1100,11090,1675,92200,57220,34980,0,34980,1171,1100
Abbotsford,141395,25990,91555,23850,    138555,  7270,27350,    84030,   735,    2345,   1700,    44110,   840,   370,75,410,72315,10745,23695,37875,6490,13135,3365,14885,9755,1210,560,3080,275,49040,34320,14720,0,14645,968,879
Victoria,85795,7935,59805,18050,        81650,   4755,18705,    65190,   620,    1320,   1615,    11110,   665,   395,150,145,49100,3365,10770,34965,3255,9825,1480,20405,12935,1190,525,4760,1005,45760,18045,27715,0,27710,1052,962
Delta,102240,16385,66695,19160,         100840,  3385,19670,    60880,   655,    1275,   995,      34685,  1555,   440,180,945,52920,4725,15145,33040,4635,11590,1980,14840,10080,1165,230,3010,350,35760,28190,7570,0,7545,1222,1069
Port Moody,33555,6055,23420,4080,        33445,  1060,5935,     22740,   270,    885,    455,      9595,   355,   160,105,105,19460,695,4080,14690,1350,4260,760,8315,5395,615,175,1865,270,12975,9725,3245,0,3250,1329,1372
Pitt Meadows,18575,3170,12475,2930,      18430,  730,4315,      13850,   120,    335,    320,      3225,   165,   95,35,35,10440,790,3280,6375,1090,2625,335,2325,1625,240,50,355,60,7195,5585,1615,0,1615,1152,1103
New Westminster,71000,8830,51350,10815,  69905,  2900,11085,    42190,   720,    1835,   1860,     24480,  970,   280,135,555,43365,2865,10360,30135,3205,9675,1835,15420,10315,1120,255,3350,385,32710,18340,14370,0,14365,1045,956
Richmond,198310,27240,137420,33650,      196660,  2040,14455,   49925,   870,    2305,   2005,    147045,  1060,   260,95,760,111750,8180,28080,75485,5130,18770,5730,45850,32355,2775,960,8675,1085,73455,54545,18910,0,18895,1334,1275
Port Coquitlam,58610,9750,41390,7470,    57895,  2530,11560,    36860,   515,    1310,   1195,     17310,  555,    210,90,275,33650,2535,9550,21565,3315,8095,1180,8980,6155,750,155,1675,240,21755,16730,5025,0,5020,1147,1033
Coquitlam,139285,22225,97680,19385,      138095,  3870,19435,    67060,  955,    3140,   2140,     66600,  985,    335,150,525,78570,4770,19080,54720,5795,16270,3230,29425,20045,2065,680,5715,925,51325,36780,14540,0,14540,1217,1125
Langley,25890,3915,17015,4960,           25315,  1780,6180,      20025,  155,    465,    270,      3185,   255,     140,25,90,14225,1910,4590,7725,1645,3375,440,2265,1575,240,30,370,55,11840,7335,4500,0,4505,960,930
North Vancouver,52895,7080,37295,8525,   52185,  1655,9295,      34035,  355,    1395,   1025,     16160,  530,     360,110,60,31645,1145,6300,24205,2285,6520,1695,13710,9080,975,300,2960,400,24645,13030,11615,0,11615,1339,1223
Vancouver,631485,70530,463390,97565,     618210,  17335,77510,   297700, 4270,   15115,  9715,     306455,  6045,  3000,1020,2140,384600,27410,76050,281140,19105,64825,14795,182420,116185,11340,5835,41295,7765,283915,133165,150750,0,150745,1296,1206




















Vancouver: {

}